ALL 30

300217207
300692648
300739654
300992329
301019476
301931245
302101212
302277330
303175081
303327643
304339703
304399843
304639922
304790112
305525810
306554668
306634643
306800633
306894932
306989367
307015991
307154090
307159147
307468399
307621744
308339051
308685272
309120204
309216710
309461762
------------------------------------
Chesss Club: first 10
(300-304)
300217207
300692648
300739654
300992329
301019476
301931245
302101212
302277330
303175081
303327643
304339703


Library: overlap with chess club + new
(302-306)
302101212
302277330
303175081
303327643
304339703
304399843
304639922
304790112
305525810
306554668
306634643
306800633
306894932
306989367

Student Success: overlap with both + new
300217207
300692648
300739654
303175081
306554668
306634643
306800633
308685272
309120204
309216710
309461762
